"baseMean" "log2FoldChange" "lfcSE" "stat" "pvalue" "padj"
"LOC132742068" 68.0492010706692 -1.48450937787495 0.334765575046984 -4.43447441591508 9.22971790900318e-06 0.0113021819506146
"LOC132738510" 114.224230022783 -0.944213818133576 0.253560504710185 -3.72382055010024 0.000196230430701561 0.0483963964415045
"LOC132727777" 27.0503605127884 1.80227353190468 0.408172496525918 4.41547029073342 1.00790622534369e-05 0.0113021819506146
"LOC132728236" 169.997079347771 0.527530412337545 0.133326026165158 3.95669493429636 7.59938783652343e-05 0.0313794202426779
"LOC132740341" 163.843954885787 -1.0096084035897 0.254322849135896 -3.9697903944534 7.19358857464415e-05 0.0313794202426779
"LOC132741452" 3020.53903848456 -0.647583624273191 0.141871981770978 -4.56456318005465 5.00535447344538e-06 0.00709821831265472
"LOC132741637" 147.140425711603 -1.02936250443994 0.264346797959998 -3.89398514520955 9.86106909652637e-05 0.0360883319032554
"LOC132742094" 15.7210118061738 1.87542005950473 0.480026962205962 3.90690566814464 9.34856291975485e-05 0.0353531487748729
"LOC132742857" 560.056293423501 -0.872954935658364 0.231001891270732 -3.77899475565449 0.000157462740066389 0.0462150331026009
"LOC132743875" 120.999709714679 -0.781158266195491 0.206345933361187 -3.78567318226793 0.000153293032311821 0.0462150331026009
"LOC132745166" 62.7389259864658 1.19280898552925 0.29758218741327 4.00833462478965 6.11484361813087e-05 0.0313794202426779
"LOC132745822" 225.660280860098 -1.29960367742017 0.274235935793666 -4.7389984600632 2.14777136542662e-06 0.00392930571291703
"LOC132746012" 540.721225274829 -0.390093275274543 0.101688728324904 -3.8361505911271 0.000124977791985778 0.0429658500023834
"LOC132746399" 80.8726248757508 -1.32407058926082 0.274234920018008 -4.82823481843187 1.37748608342231e-06 0.00392930571291703
"LOC132746437" 128.099938520346 -0.68229062040306 0.171722651558812 -3.9732127020493 7.09096741899719e-05 0.0313794202426779
"LOC132746792" 60.5513968574354 -1.14141155958576 0.238846166049091 -4.77885652705499 1.7629493273376e-06 0.00392930571291703
"LOC132752133" 59.5327419214334 -1.19844341648617 0.288572159681207 -4.15301121844228 3.28128645879184e-05 0.0248174632499956
"LOC132752300" 622.808393408431 -0.834741973672866 0.203949038552639 -4.09289487019289 4.26020903121184e-05 0.0279054739903165
"LOC132753131" 145.273116864248 -0.784712856262362 0.209583310853412 -3.74415717104122 0.000181000329864472 0.0466692895980098
"LOC132755646" 34.1310851017649 1.22460677686533 0.290625334803271 4.21369588337605 2.51225506656314e-05 0.0213821638454129
"LOC132757649" 210.852034572272 -1.25832878152714 0.332327698706797 -3.78640957832806 0.000152839676324831 0.0462150331026009
"LOC132758254" 187.733916591935 -1.18860991824847 0.200372925214527 -5.93198865054195 2.99287317282028e-09 3.3954146145646e-05
"LOC132758583" 1019.73547764913 -1.0530709832914 0.241868664665507 -4.35389588290715 1.33739243739443e-05 0.0126439310018665
"LOC132758975" 77.1851380395887 -0.906959339853231 0.239465910581071 -3.78742568264714 0.000152216192246192 0.0462150331026009
"LOC132759052" 85.2613624513765 -1.13705378564853 0.280629859034992 -4.05179188543422 5.08268662591972e-05 0.0288315398855296
"LOC132759372" 58.4700840984085 -0.921853011999923 0.219352770494071 -4.20260482657019 2.63860990600071e-05 0.0213821638454129
"LOC132759828" 279.901603073 0.47652111769247 0.126382611319227 3.77046424914292 0.000162944144918822 0.0462150331026009
"LOC132760592" 251.022871811509 -0.799120396110827 0.213901648236155 -3.73592444331505 0.000187026823661822 0.0471515403209637
"LOC132713096" 63.8859784501633 -1.42495230760385 0.380149686755547 -3.74839795283105 0.000177967720137651 0.0466692895980098
"LOC132713118" 833.245160821139 -0.705057319509794 0.178397548025027 -3.9521693392943 7.74459027584823e-05 0.0313794202426779
"LOC132720366" 926.153182152209 -0.670224639036474 0.177199241088697 -3.78232228828222 0.000155372013372186 0.0462150331026009
"LOC132720785" 43.7318895442375 1.57039646961259 0.321427808745605 4.88568949818368 1.03067520095987e-06 0.00392930571291703
"LOC132721308" 966.498888317308 -0.823388647593138 0.219483586623527 -3.75148164953888 0.000175792621633961 0.0466692895980098
"LOC132722155" 290.305574624331 -0.994853105754741 0.250297308622354 -3.97468558983095 7.04722910391894e-05 0.0313794202426779
"LOC132722176" 323.076797787057 -0.829169685458485 0.201047224846379 -4.12425332452143 3.71939362533807e-05 0.0263728254246627
"LOC132723296" 528.595753584393 -0.812366477688171 0.211545371294311 -3.84015245863249 0.000122957927033883 0.0429658500023834
"LOC132723766" 45.1313235357299 1.70981324075677 0.435824296932962 3.92317099525952 8.73910790174669e-05 0.0341879928087297
"LOC132725056" 65.0146640967644 -1.26957540867184 0.269298248893323 -4.71438419629219 2.42442838170289e-06 0.00392930571291703
"LOC132727157" 96.4994266524 -1.01161402056525 0.268993304755781 -3.76074051911326 0.000169411094227096 0.0466692895980098
"LOC132729160" 30.7258004523078 -1.29578630653486 0.327015090391813 -3.9624663956098 7.41794506924579e-05 0.0313794202426779
"LOC132729677" 540.891416070394 -0.586745791760044 0.145536225839196 -4.0316133552092 5.53952671242045e-05 0.0299266335963857
"LOC132730403" 394.912227653451 -1.16780524600819 0.265570740536152 -4.39734152810111 1.09584840420239e-05 0.0113021819506146
"LOC132730855" 29.8583586632429 -1.40047761975166 0.371018438334774 -3.77468469232247 0.000160210174769991 0.0462150331026009
"LOC132731011" 68.0791761662495 -1.07916372921116 0.225240938666448 -4.79115269009446 1.65825867257475e-06 0.00392930571291703
"LOC132732296" 363.543263753277 0.764665025616848 0.188525515578429 4.05602935640157 4.9913988746124e-05 0.0288315398855296
"LOC132734395" 509.426124325621 -0.693437512273414 0.169795422539361 -4.08395881292186 4.4274881606496e-05 0.0279054739903165
